PosX = 1153.70861816
PosY = -1722.39379882
PosZ = 13.95397567
PosA = 258.00350952
Interior = 0
World = 0
