PosX = 1540.39160156
PosY = -2.17879080
PosZ = 22.78646850
PosA = 140.90293884
Interior = 0
