PosX = 1153.99792480
PosY = -1759.27941894
PosZ = 13.67063331
PosA = 7.93013715
Interior = 0
