PosX = 1449.00317382
PosY = 2348.41577148
PosZ = 10.82031250
PosA = 291.27685546
Interior = 0
