PosX = 1292.65332031
PosY = -1651.71459960
PosZ = 13.05476570
PosA = 352.60226440
Interior = 0
World = 0
