TemDono = 1
Dono = CoRuJa
Descricao = Loterica LS
Extorcao = Nenhum
EX = 1631.85473632
EY = -1172.56372070
EZ = 24.08429908
ExX = 832.62701416
ExY = 7.26660013
ExZ = 1004.17968750
Level = 1
Preco = 5000000
CustoEntrada = 500
Till = 101200
Locked = 1
Interior = 3
Produtos = 18289
MaxProdutos = 0
PrecoProdutos = 100
ProdutosRequeridos = 28827
Mundo = 0
World = 0
Takings = 0
