TemDono = 1
Dono = Kirito_Show
Descricao = Revendedora & Seguradora
Extorcao = Speed_Show
EX = 2101.29345703
EY = -1359.51660156
EZ = 23.98439979
ExX = 958.96032714
ExY = 2102.47192382
ExZ = 1011.02770996
Level = 10
Preco = 1533
CustoEntrada = 500
Till = 6429228
Locked = 0
Interior = 1
Produtos = 21391
MaxProdutos = 0
PrecoProdutos = 10
ProdutosRequeridos = 30884
Mundo = 0
World = 0
TemDono = 1
Despesas = 4
Takings = 0
