ÿÿÿÿÿTemDono = 0
Dono = Jonasxz_Stox
Descricao = Branco Los Santos
Extorcao = Nenhum
EX = 597.25872802
EY = -1249.49670410
EZ = 18.30179977
ExX = 2935.41040039
ExY = -1804.10229492
ExZ = 1191.06567382
Level = 10
Preco = 50000000
CustoEntrada = 45
Till = 5130
Locked = 0
Interior = 1
Produtos = 21391
MaxProdutos = 0
PrecoProdutos = 10
ProdutosRequeridos = 30884
Mundo = 0
World = 0
TemDono = 1
Takings = 0
