TemDono = 1
Dono = Kaah_Owner
Descricao = Loja De Acessórios
Extorcao = Nenhum
EX = 1328.20874023
EY = -1271.72424316
EZ = 13.54689979
ExX = 204.33509826
ExY = -167.58560180
ExZ = 1000.52337646
Level = 1
Preco = 1000000
CustoEntrada = 45
Till = 5670
Locked = 0
Interior = 14
Produtos = 19309
MaxProdutos = 0
PrecoProdutos = 10
ProdutosRequeridos = 28974
Mundo = 0
World = 0
Takings = 0
