TemDono = 1
Dono = GENERAL_FOX
Descricao = Centro de Licenças LV
Extorcao = Nenhum
EX = 952.51391601
EY = -909.11303710
EZ = 45.76562500
ExX = -2029.71997070
ExY = -119.55000305
ExZ = 1035.17187500
Level = 3
Preco = 5000000
CustoEntrada = 45
Till = 3420
Locked = 0
Interior = 3
Produtos = 18766
MaxProdutos = 0
PrecoProdutos = 1500
ProdutosRequeridos = 1500
Mundo = 0
World = 0
Takings = 0
