ÿTemDono = 0
Dono = fa7her_AdvanceD
Descricao = Loja de Armas 1
Extorcao = Nenhum
EX = 1791.21203613
EY = -1164.63171386
EZ = 23.82810020
ExX = 316.52499389
ExY = -167.70698547
ExZ = 999.59375000
Level = 5
Preco = 1
CustoEntrada = 45
Till = 21115
Locked = 0
Interior = 6
Produtos = 15781
MaxProdutos = 0
PrecoProdutos = 999
ProdutosRequeridos = 999
Mundo = 0
World = 0
TemDono = 1
Takings = 0
