ÿTemDono = 0
Dono = Felipe_Dono
Descricao = Centro de Licença LS
Extorcao = Nenhum
EX = 1411.55932617
EY = -1699.52697753
EZ = 13.53950023
ExX = 1494.62072753
ExY = 1305.23364257
ExZ = 1093.28906250
Level = 1
Preco = 5000000
CustoEntrada = 45
Till = 10315
Locked = 0
Interior = 3
Produtos = 8268
MaxProdutos = 0
PrecoProdutos = 99999
ProdutosRequeridos = 26278
Mundo = 0
World = 0
TemDono = 1
Takings = 0
