TemDono = 1
Dono = PITV_xFrossT
Descricao = Zip Las Venturas
Extorcao = Nenhum
EX = 1456.39123535
EY = -1137.68164062
EZ = 23.94849967
ExX = 161.49060058
ExY = -96.38800048
ExZ = 1001.80468750
Level = 1
Preco = 5000000
CustoEntrada = 45
Till = 14535
Locked = 0
Interior = 18
Produtos = 19309
MaxProdutos = 0
PrecoProdutos = 10
ProdutosRequeridos = 28974
Mundo = 0
World = 0
Takings = 0
