TemDono = 1
Dono = Karlos_Daniel
Descricao = Cartório LS
Extorcao = Nenhum
EX = 1163.22119140
EY = -1585.19689941
EZ = 13.54687500
ExX = -2158.69580078
ExY = 643.14062500
ExZ = 1052.37500000
Level = 3
Preco = 5000000
CustoEntrada = 45
Till = 13500
Locked = 0
Interior = 1
Produtos = 18766
MaxProdutos = 0
PrecoProdutos = 1500
ProdutosRequeridos = 1500
Mundo = 0
World = 0
Takings = 0
