TemDono = 1
Dono = Bravo_Stox
Descricao = Binco Los Santos
Extorcao = Nenhum
EX = 2244.34228515
EY = -1665.55419921
EZ = 15.47659969
ExX = 207.73359680
ExY = -108.62310028
ExZ = 1005.13281250
Level = 2
Preco = 5000000
CustoEntrada = 45
Till = 135
Locked = 0
Interior = 15
Produtos = 15736
MaxProdutos = 0
PrecoProdutos = 10
ProdutosRequeridos = 31776
Mundo = 0
World = 0
Takings = 0
