ÿTemDono = 1
Dono = NorDesTino
Descricao = 24/7
Extorcao = Nenhum
EX = 1352.09069824
EY = -1759.25341796
EZ = 13.50780010
ExX = -26.69159889
ExY = -55.71489715
ExZ = 1003.54687500
Level = 1
Preco = 5000000
CustoEntrada = 45
Till = 95016200
Locked = 0
Interior = 6
Mundo = 10
Produtos = 18119
MaxProdutos = 0
PrecoProdutos = 10
ProdutosRequeridos = 27691
TemDono = 1
World = 10
Takings = 0
