ÿTemDono = 1
Dono = GENERAL_DONO 
Descricao = Loja de Armas 2
Extorcao = Nenhum
EX = 1069.86279296
EY = -1873.43920898
EZ = 13.54689979
ExX = 285.73379516
ExY = -86.13790130
ExZ = 1001.52288818
Level = 1
Preco = 5000000
CustoEntrada = 45
Till = 145
Locked = 0
Interior = 4
Produtos = 17072
MaxProdutos = 0
PrecoProdutos = 10
ProdutosRequeridos = 35295
Mundo = 0
World = 0
TemDono = 1
Takings = 0
