TemDono = 1
Dono = Luiz_samp
Descricao = Mercado Negro
Extorcao = Nenhum
EX = 1616.43615722
EY = -1498.56250000
EZ = 14.23130035
ExX = -2428.47583007
ExY = 2901.07958984
ExZ = 45.75419998
Level = 1
Preco = 1000000
CustoEntrada = 45
Till = 5805
Locked = 0
Interior = 14
Produtos = 19309
MaxProdutos = 0
PrecoProdutos = 10
ProdutosRequeridos = 28974
Mundo = 0
World = 0
Takings = 0
