ÿTemDono = 0
Dono = Felipe_Fox
Descricao = Loja de Armas 3
Extorcao = Nenhum
EX = 1368.99377441
EY = -1279.65393066
EZ = 13.54687500
ExX = 315.70190429
ExY = -142.98399353
ExZ = 999.60162353
Level = 1
Preco = 5000000
CustoEntrada = 45
Till = 2367855
Locked = 0
Interior = 7
Produtos = 8268
MaxProdutos = 0
PrecoProdutos = 99999
ProdutosRequeridos = 26278
Mundo = 0
World = 0
TemDono = 1
Takings = 0
