ÿTemDono = 1
Dono = Jonasxz
Descricao = Restaurante Los Santos
Extorcao = Nenhum
EX = 1498.36010742
EY = -1583.03186035
EZ = 13.54689979
ExX = -794.93621826
ExY = 490.63238525
ExZ = 1376.19531250
Level = 1
Preco = 5000000
CustoEntrada = 50
Till = 3850
Locked = 0
Interior = 1
Produtos = 18657
MaxProdutos = 0
PrecoProdutos = 9
ProdutosRequeridos = 200
Mundo = 0
World = 0
TemDono = 1
Takings = 0
