Velocidade = 150
PosX = 432.40908813
PosY = -1710.32702636
PosZ = 8.49143218
Angulo = 88.83485412
