Velocidade = 90
PosX = 1133.60644531
PosY = -1740.47045898
PosZ = 11.91644668
Angulo = 96.31307983
