Velocidade = 90
PosX = 1306.26647949
PosY = -1726.00720214
PosZ = 12.04687500
Angulo = 357.57699584
