Velocidade = 90
PosX = 1555.73254394
PosY = -1726.93090820
PosZ = 12.04687500
Angulo = 266.06759643
