Velocidade = 95
PosX = 1839.58935546
PosY = -1492.10949707
PosZ = 12.03205871
Angulo = 357.27014160
