Velocidade = 90
PosX = 1828.71350097
PosY = -1745.21093750
PosZ = 12.04687500
Angulo = 260.00778198
