Velocidade = 0
PosX = 0.00000000
PosY = 0.00000000
PosZ = 0.00000000
Angulo = 0.00000000
