Velocidade = 90
PosX = 1304.68872070
PosY = -1719.40686035
PosZ = 12.04687500
Angulo = 359.41851806
