Velocidade = 90
PosX = 1518.46960449
PosY = -1725.10400390
PosZ = 12.04687500
Angulo = 265.73095703
