Velocidade = 100
PosX = 1836.91687011
PosY = -1510.28015136
PosZ = 12.00000000
Angulo = 347.34368896
