Dono = Pandexx_STAFF
Crescida = 35
GramasProntas = 336
MacX = 0.00000000
MacY = 0.00000000
MacZ = 0.00000000
