Dono = Tabuada_
Crescida = 35
GramasProntas = 312
MacX = 2207.94482421
MacY = -1746.94458007
MacZ = 40.09286117
