Dono = Tabuada_
Crescida = 35
GramasProntas = 332
MacX = 2209.40283203
MacY = -1807.51806640
MacZ = 40.09286117
