index = 8
modelid0 = 18688.00000000
boneid0 = 1
fOffsetX0 = -1.49899983
fOffsetY0 = 0.00000000
fOffsetZ0 = -0.31999999
fRotX0 = 5.00000000
fRotY0 = 84.00000000
fRotZ0 = 83.00000000
fScaleX0 = 1.00000000
fScaleY0 = 1.00000000
fScaleZ0 = 1.00000000
modelid1 = 1276.00000000
boneid1 = 1
fOffsetX1 = -0.15899996
fOffsetY1 = 0.00000000
fOffsetZ1 = 0.00000000
fRotX1 = 5.00000000
fRotY1 = 83.00001525
fRotZ1 = 83.00000000
fScaleX1 = -0.17999987
fScaleY1 = 0.42999976
fScaleZ1 = 0.53000003
modelid2 = 2035.00000000
boneid2 = 1
fOffsetX2 = 0.03100003
fOffsetY2 = 0.21000003
fOffsetZ2 = 0.00000000
fRotX2 = 63.24996566
fRotY2 = 179.80015563
fRotZ2 = 52.75002288
fScaleX2 = 1.09999990
fScaleY2 = 1.00000011
fScaleZ2 = 1.00000000
modelid3 = 1240.00000000
boneid3 = 2
fOffsetX3 = 0.32099997
fOffsetY3 = 0.00000000
fOffsetZ3 = 0.00000000
fRotX3 = -99.93003845
fRotY3 = 93.07001495
fRotZ3 = 103.99008178
fScaleX3 = 1.00000000
fScaleY3 = 1.00000000
fScaleZ3 = 1.00000000
modelid4 = 18728.00000000
boneid4 = 1
fOffsetX4 = -1.17899990
fOffsetY4 = 0.00000000
fOffsetZ4 = -0.31999999
fRotX4 = 5.00000000
fRotY4 = 84.00000000
fRotZ4 = 83.00000000
fScaleX4 = 1.00000000
fScaleY4 = 1.00000000
fScaleZ4 = 1.00000000
modelid5 = 19314.00000000
boneid5 = 2
fOffsetX5 = 0.09100002
fOffsetY5 = 0.13999998
fOffsetZ5 = 0.06000000
fRotX5 = -1.04999995
fRotY5 = 177.49983215
fRotZ5 = 83.00000000
fScaleX5 = 1.00000000
fScaleY5 = 1.00000000
fScaleZ5 = 1.00000000
modelid6 = 1550.00000000
boneid6 = 1
fOffsetX6 = -0.07899997
fOffsetY6 = -0.26999998
fOffsetZ6 = 0.00000000
fRotX6 = 5.00000000
fRotY6 = 84.00000000
fRotZ6 = 83.00000000
fScaleX6 = 1.00000000
fScaleY6 = 1.00000000
fScaleZ6 = 1.00000000
modelid7 = 19632.00000000
boneid7 = 5
fOffsetX7 = 0.10100000
fOffsetY7 = 0.00000000
fOffsetZ7 = 0.00000000
fRotX7 = 5.00000000
fRotY7 = 84.00000000
fRotZ7 = 83.00000000
fScaleX7 = 0.22000008
fScaleY7 = 0.00000005
fScaleZ7 = -0.19999992
modelid8 = 19632.00000000
boneid8 = 6
fOffsetX8 = 0.10100000
fOffsetY8 = 0.00000000
fOffsetZ8 = 0.00000000
fRotX8 = 5.00000000
fRotY8 = 84.00000000
fRotZ8 = 83.00000000
fScaleX8 = 0.01000002
fScaleY8 = -0.53999990
fScaleZ8 = -0.09999996
