modelid0 = 0
index = 0
boneid0 = 1
fOffsetX0 = 0.56099998
fOffsetY0 = 0.06999999
fOffsetZ0 = 0.80000007
fRotX0 = 4.73999977
fRotY0 = 83.73999786
fRotZ0 = 92.66001129
fScaleX0 = -3.15999984
fScaleY0 = 1.00000000
fScaleZ0 = 1.51999998
