index = 1
modelid0 = 6865.00000000
boneid0 = 2
fOffsetX0 = 0.04300003
fOffsetY0 = 0.03799997
fOffsetZ0 = 0.01100000
fRotX0 = -40.40000152
fRotY0 = 82.90000915
fRotZ0 = -93.19997406
fScaleX0 = 0.08800034
fScaleY0 = 0.07199995
fScaleZ0 = 0.07600011
modelid1 = 0.00000000
boneid1 = 0
fOffsetX1 = 0.05999999
fOffsetY1 = 0.00000000
fOffsetZ1 = 1.56999993
fRotX1 = 0.00000000
fRotY1 = 0.00000000
fRotZ1 = 0.00000000
fScaleX1 = 0.00000000
fScaleY1 = 0.00000000
fScaleZ1 = 0.00000000
modelid2 = 19632.00000000
boneid2 = 5
fOffsetX2 = 0.10100000
fOffsetY2 = 0.00000000
fOffsetZ2 = 0.00000000
fRotX2 = 5.00000000
fRotY2 = 84.00000000
fRotZ2 = 83.00000000
fScaleX2 = 0.00000000
fScaleY2 = 0.00000000
fScaleZ2 = 0.00000000
modelid3 = 19632.00000000
boneid3 = 6
fOffsetX3 = 0.10100000
fOffsetY3 = 0.00000000
fOffsetZ3 = 0.00000000
fRotX3 = 5.00000000
fRotY3 = 84.00000000
fRotZ3 = 83.00000000
fScaleX3 = 0.00000000
fScaleY3 = 0.00500000
fScaleZ3 = 0.00000000
modelid4 = 0.00000000
boneid4 = 0
fOffsetX4 = 0.01999999
fOffsetY4 = 0.00000000
fOffsetZ4 = 0.00000000
fRotX4 = 0.00000000
fRotY4 = 0.00000000
fRotZ4 = 0.00000000
fScaleX4 = 0.00000000
fScaleY4 = 0.00000000
fScaleZ4 = 0.00000000
modelid5 = 0
boneid5 = 1
fOffsetX5 = 0.16500002
fOffsetY5 = -0.05799995
fOffsetZ5 = 0.00000000
fRotX5 = 5.00000000
fRotY5 = 84.00000000
fRotZ5 = 83.00000000
fScaleX5 = 0.05000002
fScaleY5 = 0.16900014
fScaleZ5 = 0.14599983
modelid6 = 0
boneid6 = 1
fOffsetX6 = 0.20400002
fOffsetY6 = -0.08100000
fOffsetZ6 = -0.13999985
fRotX6 = 3.80000114
fRotY6 = 26.19997787
fRotZ6 = -179.19998168
fScaleX6 = 1.01999998
fScaleY6 = 1.00000000
fScaleZ6 = 1.22099983
