index = 0
modelid0 = 2045.00000000
boneid0 = 1
fOffsetX0 = 0.07100003
fOffsetY0 = -0.10499999
fOffsetZ0 = 0.00000000
fRotX0 = 0.99999892
fRotY0 = 137.80004882
fRotZ0 = 82.89999389
fScaleX0 = 1.00000000
fScaleY0 = 1.00000000
fScaleZ0 = 1.00000000
