index = 0
modelid0 = 19137.00000000
boneid0 = 2
fOffsetX0 = 0.10100000
fOffsetY0 = 0.00000000
fOffsetZ0 = 0.00000000
fRotX0 = 5.00000000
fRotY0 = 84.00000000
fRotZ0 = 83.00000000
fScaleX0 = 0.93000006
fScaleY0 = 1.00000000
fScaleZ0 = 1.00000000
modelid1 = 0.00000000
boneid1 = 0
fOffsetX1 = 0.00000000
fOffsetY1 = 0.00000000
fOffsetZ1 = 0.00000000
fRotX1 = 0.00000000
fRotY1 = 0.00000000
fRotZ1 = 0.00000000
fScaleX1 = 0.00000000
fScaleY1 = 0.00000000
fScaleZ1 = 0.00000000
modelid2 = 0
boneid2 = 1
fOffsetX2 = 0.05100001
fOffsetY2 = 0.24000003
fOffsetZ2 = 0.00000000
fRotX2 = 5.00000000
fRotY2 = 84.00000000
fRotZ2 = 83.00000000
fScaleX2 = 0.82000017
fScaleY2 = 1.00000000
fScaleZ2 = 1.00000000
modelid3 = 0
boneid3 = 1
fOffsetX3 = -0.13899999
fOffsetY3 = 0.56000006
fOffsetZ3 = -0.01999999
fRotX3 = 6.19999885
fRotY3 = 175.00006103
fRotZ3 = 82.40000915
fScaleX3 = 0.07000000
fScaleY3 = -0.03000006
fScaleZ3 = -0.03000006
modelid4 = 0
boneid4 = 1
fOffsetX4 = -0.07899998
fOffsetY4 = 0.00000000
fOffsetZ4 = 0.00000000
fRotX4 = 5.00000000
fRotY4 = 84.00000000
fRotZ4 = 175.30003356
fScaleX4 = 1.00000000
fScaleY4 = 1.00000000
fScaleZ4 = 1.00000000
