index = 4
modelid0 = 19559.00000000
boneid0 = 1
fOffsetX0 = 0.08100000
fOffsetY0 = -0.02999999
fOffsetZ0 = -0.00999999
fRotX0 = -73.39999389
fRotY0 = 89.59999847
fRotZ0 = 83.00000000
fScaleX0 = 0.92000007
fScaleY0 = 1.00000000
fScaleZ0 = 1.00000000
modelid1 = 19078.00000000
boneid1 = 1
fOffsetX1 = 0.50100010
fOffsetY1 = -0.13999998
fOffsetZ1 = 0.13999998
fRotX1 = 10.60000038
fRotY1 = 0.00001239
fRotZ1 = 32.60001373
fScaleX1 = 0.72000026
fScaleY1 = 0.84000015
fScaleZ1 = 0.94000005
modelid2 = 19037.00000000
boneid2 = 2
fOffsetX2 = 0.07100000
fOffsetY2 = 0.01999999
fOffsetZ2 = 0.00000000
fRotX2 = 5.00000000
fRotY2 = 84.00000000
fRotZ2 = 83.00000000
fScaleX2 = 1.00000000
fScaleY2 = 1.00000000
fScaleZ2 = 1.00000000
modelid3 = 2035.00000000
boneid3 = 1
fOffsetX3 = 0.08100000
fOffsetY3 = 0.17999997
fOffsetZ3 = 0.00000000
fRotX3 = -81.69998931
fRotY3 = 186.00006103
fRotZ3 = 37.10001373
fScaleX3 = 1.00000000
fScaleY3 = 1.00000000
fScaleZ3 = 1.00000000
modelid4 = 2035.00000000
boneid4 = 1
fOffsetX4 = 0.54099977
fOffsetY4 = 0.00000000
fOffsetZ4 = 0.24000002
fRotX4 = 4.99999666
fRotY4 = 173.60003662
fRotZ4 = 77.40000152
fScaleX4 = 0.39000058
fScaleY4 = 0.39000058
fScaleZ4 = 1.00000000
