index = 3
modelid1 = 19632.00000000
boneid1 = 5
fOffsetX1 = 0.10100000
fOffsetY1 = 0.00000000
fOffsetZ1 = 0.00000000
fRotX1 = 5.00000000
fRotY1 = 84.00000000
fRotZ1 = 83.00000000
fScaleX1 = 0.03999982
fScaleY1 = 0.23999974
fScaleZ1 = -0.04000020
modelid2 = 19065.00000000
boneid2 = 2
fOffsetX2 = 0.10100000
fOffsetY2 = 0.00000000
fOffsetZ2 = 0.00000000
fRotX2 = 5.00000000
fRotY2 = 84.00000000
fRotZ2 = 83.03999328
fScaleX2 = 1.00000000
fScaleY2 = 1.00000000
fScaleZ2 = 1.01999998
modelid3 = 1276.00000000
boneid3 = 1
fOffsetX3 = 0.10100000
fOffsetY3 = 0.00000000
fOffsetZ3 = 0.00000000
fRotX3 = 5.00000000
fRotY3 = 84.00000000
fRotZ3 = 83.00000000
fScaleX3 = -0.25999987
fScaleY3 = -0.39999985
fScaleZ3 = 0.02000010
modelid0 = 19632.00000000
boneid0 = 6
fOffsetX0 = 0.10100000
fOffsetY0 = 0.00000000
fOffsetZ0 = 0.00000000
fRotX0 = 5.00000000
fRotY0 = 84.00000000
fRotZ0 = 83.00000000
fScaleX0 = 0.02000010
fScaleY0 = -0.25999987
fScaleZ0 = -0.11999988
