index = 7
modelid0 = 19472.00000000
boneid0 = 2
fOffsetX0 = 0.01099997
fOffsetY0 = 0.13999998
fOffsetZ0 = -0.00999999
fRotX0 = 5.00000000
fRotY0 = 90.09999847
fRotZ0 = 89.09999847
fScaleX0 = 0.85000002
fScaleY0 = 0.93000006
fScaleZ0 = 0.98000001
modelid2 = 19801.00000000
boneid2 = 2
fOffsetX2 = 0.06100000
fOffsetY2 = -0.00000000
fOffsetZ2 = 0.00000000
fRotX2 = 90.39998626
fRotY2 = 84.00000000
fRotZ2 = 83.00000000
fScaleX2 = 1.19999980
fScaleY2 = 1.32000005
fScaleZ2 = 1.10000002
modelid3 = 18728.00000000
boneid3 = 1
fOffsetX3 = -2.63899922
fOffsetY3 = 0.05999999
fOffsetZ3 = -0.33999988
fRotX3 = 6.67999839
fRotY3 = 84.00000000
fRotZ3 = 83.00000000
fScaleX3 = -0.24999988
fScaleY3 = 1.00000000
fScaleZ3 = 1.69999992
modelid4 = 19632.00000000
boneid4 = 6
fOffsetX4 = 0.11100006
fOffsetY4 = 0.00000000
fOffsetZ4 = 0.00000000
fRotX4 = 5.00000047
fRotY4 = -105.09997558
fRotZ4 = 95.19999694
fScaleX4 = 0.00000022
fScaleY4 = 0.30000019
fScaleZ4 = 0.60000014
modelid5 = 19632.00000000
boneid5 = 5
fOffsetX5 = 0.09099999
fOffsetY5 = 0.00999999
fOffsetZ5 = 0.00000000
fRotX5 = -37.70000076
fRotY5 = -92.89997863
fRotZ5 = 95.19999694
fScaleX5 = -0.02999980
fScaleY5 = 0.11000023
fScaleZ5 = 0.62999999
modelid6 = 1276.00000000
boneid6 = 1
fOffsetX6 = 0.13099999
fOffsetY6 = 0.00999999
fOffsetZ6 = 0.00000000
fRotX6 = 5.00000000
fRotY6 = 84.00000000
fRotZ6 = 83.00000000
fScaleX6 = 0.40000003
fScaleY6 = 0.51000005
fScaleZ6 = 0.37000006
modelid1 = 19065.00000000
boneid1 = 2
fOffsetX1 = 0.14100000
fOffsetY1 = -0.01999999
fOffsetZ1 = 0.00000000
fRotX1 = 5.00000000
fRotY1 = 84.00000000
fRotZ1 = 83.00000000
fScaleX1 = 1.28000009
fScaleY1 = 1.24000012
fScaleZ1 = 1.00000000
modelid7 = 19559.00000000
boneid7 = 1
fOffsetX7 = 0.10100000
fOffsetY7 = -0.04999999
fOffsetZ7 = -0.00999999
fRotX7 = -84.59999084
fRotY7 = 84.00000000
fRotZ7 = 83.00000000
fScaleX7 = 1.00000000
fScaleY7 = 1.00000000
fScaleZ7 = 1.00000000
modelid8 = 0
boneid8 = 0
fOffsetX8 = -0.02999999
fOffsetY8 = 0.00000000
fOffsetZ8 = 0.00000000
fRotX8 = 0.00000000
fRotY8 = 0.00000000
fRotZ8 = 0.00000000
fScaleX8 = 0.00000000
fScaleY8 = 0.00000000
fScaleZ8 = 0.00000000
