index = 4
modelid0 = 18728.00000000
boneid0 = 1
fOffsetX0 = -2.71900010
fOffsetY0 = 0.22000002
fOffsetZ0 = -0.21000006
fRotX0 = 5.00000000
fRotY0 = 84.00000000
fRotZ0 = 83.00000000
fScaleX0 = 1.00000000
fScaleY0 = 1.00000000
fScaleZ0 = 1.00000000
modelid1 = 1550.00000000
boneid1 = 1
fOffsetX1 = 0.03100001
fOffsetY1 = -0.26000002
fOffsetZ1 = -0.02999999
fRotX1 = 5.00000000
fRotY1 = 84.00000000
fRotZ1 = 83.00000000
fScaleX1 = 1.00000000
fScaleY1 = 1.00000000
fScaleZ1 = 1.00000000
modelid2 = 19528.00000000
boneid2 = 2
fOffsetX2 = 0.12099999
fOffsetY2 = 0.00000000
fOffsetZ2 = 0.00000000
fRotX2 = 10.19999885
fRotY2 = -6.92003393
fRotZ2 = -17.77001762
fScaleX2 = 1.09999990
fScaleY2 = 1.14999985
fScaleZ2 = 1.10999989
modelid3 = 19632.00000000
boneid3 = 6
fOffsetX3 = 0.23100006
fOffsetY3 = -0.02999999
fOffsetZ3 = 0.01999999
fRotX3 = 0.99999976
fRotY3 = -91.04997253
fRotZ3 = 83.00000000
fScaleX3 = 0.00000014
fScaleY3 = 0.00000013
fScaleZ3 = 1.16000020
modelid4 = 19632.00000000
boneid4 = 5
fOffsetX4 = 0.28099995
fOffsetY4 = 0.00000000
fOffsetZ4 = 0.00000000
fRotX4 = -62.04999542
fRotY4 = 256.50000000
fRotZ4 = 144.50000000
fScaleX4 = 0.00000018
fScaleY4 = 0.00000004
fScaleZ4 = 1.47999942
