index = 0
modelid0 = 0
boneid0 = 1
fOffsetX0 = 0.10100000
fOffsetY0 = -0.01999999
fOffsetZ0 = 0.03999999
fRotX0 = 12.55999851
fRotY0 = -14.00000095
fRotZ0 = 24.64998626
fScaleX0 = 1.00000000
fScaleY0 = 1.00999999
fScaleZ0 = 1.00000000
