index = 1
modelid0 = 0.00000000
boneid0 = 0
fOffsetX0 = 0.00000000
fOffsetY0 = 0.00000000
fOffsetZ0 = 0.34999996
fRotX0 = 3.60000038
fRotY0 = 21.60000038
fRotZ0 = 10.79999923
fScaleX0 = 0.00000000
fScaleY0 = 0.00000000
fScaleZ0 = 0.00000000
modelid1 = 0.00000000
boneid1 = 0
fOffsetX1 = 0.00000000
fOffsetY1 = 0.00000000
fOffsetZ1 = 0.00000000
fRotX1 = 4.10000085
fRotY1 = 0.00000000
fRotZ1 = 0.00000000
fScaleX1 = 0.00000000
fScaleY1 = 0.00000000
fScaleZ1 = 0.00000000
modelid2 = 18688.00000000
boneid2 = 1
fOffsetX2 = 0.10100001
fOffsetY2 = 0.06999999
fOffsetZ2 = 0.06999999
fRotX2 = 5.00000000
fRotY2 = 84.00000000
fRotZ2 = 83.00000000
fScaleX2 = 1.00000000
fScaleY2 = 1.00000000
fScaleZ2 = -0.19999992
