index = 1
modelid0 = 19632.00000000
boneid0 = 5
fOffsetX0 = 0.10100000
fOffsetY0 = 0.00000000
fOffsetZ0 = 0.00000000
fRotX0 = 5.00000000
fRotY0 = 84.00000000
fRotZ0 = 83.00000000
fScaleX0 = 0.10000023
fScaleY0 = -0.03999966
fScaleZ0 = -0.07999974
modelid1 = 19632.00000000
boneid1 = 6
fOffsetX1 = 0.14100000
fOffsetY1 = -0.03999999
fOffsetZ1 = 0.00000000
fRotX1 = 5.00000000
fRotY1 = 84.00000000
fRotZ1 = 83.00000000
fScaleX1 = -0.20000001
fScaleY1 = -0.23999980
fScaleZ1 = -0.09999976
