index = 1
modelid0 = 18728.00000000
boneid0 = 1
fOffsetX0 = -1.41900002
fOffsetY0 = 0.00000000
fOffsetZ0 = -0.15999998
fRotX0 = 5.00000000
fRotY0 = 84.00000000
fRotZ0 = 83.00000000
fScaleX0 = 1.00000000
fScaleY0 = 1.00000000
fScaleZ0 = 1.00000000
modelid1 = 2035.00000000
boneid1 = 1
fOffsetX1 = 0.19099998
fOffsetY1 = -0.10999988
fOffsetZ1 = -0.03999996
fRotX1 = -62.72001647
fRotY1 = 186.02011108
fRotZ1 = 121.68991088
fScaleX1 = 1.00000000
fScaleY1 = 1.00000000
fScaleZ1 = 1.00000000
