index = 8
modelid0 = 18728.00000000
boneid0 = 1
fOffsetX0 = -1.45899987
fOffsetY0 = 0.11999988
fOffsetZ0 = -0.25999999
fRotX0 = 5.00000000
fRotY0 = 84.00000000
fRotZ0 = 83.00000000
fScaleX0 = 1.00000000
fScaleY0 = 1.00000000
fScaleZ0 = 1.00000000
modelid1 = 19632.00000000
boneid1 = 5
fOffsetX1 = 0.10100000
fOffsetY1 = 0.00000000
fOffsetZ1 = 0.00000000
fRotX1 = 5.00000000
fRotY1 = -96.72003173
fRotZ1 = 83.00000000
fScaleX1 = -0.04999995
fScaleY1 = -0.04999995
fScaleZ1 = 1.06999993
modelid2 = 19632.00000000
boneid2 = 6
fOffsetX2 = 0.10100000
fOffsetY2 = 0.00000000
fOffsetZ2 = 0.00000000
fRotX2 = 5.00000000
fRotY2 = -92.89997863
fRotZ2 = 83.00000000
fScaleX2 = -0.02000007
fScaleY2 = 0.05999995
fScaleZ2 = 1.29999971
modelid3 = 19632.00000000
boneid3 = 10
fOffsetX3 = 0.10099999
fOffsetY3 = 0.05999999
fOffsetZ3 = 0.00000000
fRotX3 = 5.00000000
fRotY3 = -87.99998474
fRotZ3 = 83.00000000
fScaleX3 = 0.09999997
fScaleY3 = 0.09999997
fScaleZ3 = 1.11999988
modelid4 = 19632.00000000
boneid4 = 9
fOffsetX4 = 0.10100000
fOffsetY4 = 0.00000000
fOffsetZ4 = 0.00000000
fRotX4 = 5.00000000
fRotY4 = -88.79998779
fRotZ4 = 83.00000000
fScaleX4 = 0.30000001
fScaleY4 = 0.09000009
fScaleZ4 = 1.00000000
modelid5 = 1985.00000000
boneid5 = 1
fOffsetX5 = 0.38099998
fOffsetY5 = -0.20999997
fOffsetZ5 = 0.21000003
fRotX5 = 5.00000000
fRotY5 = 50.40000915
fRotZ5 = 83.00000000
fScaleX5 = 0.37000000
fScaleY5 = 0.44000005
fScaleZ5 = 0.30000007
modelid6 = 11712.00000000
boneid6 = 1
fOffsetX6 = 0.04100000
fOffsetY6 = -0.31999999
fOffsetZ6 = -0.06000002
fRotX6 = -4.60000038
fRotY6 = -134.79997253
fRotZ6 = 83.00000000
fScaleX6 = 1.24999964
fScaleY6 = 1.87999916
fScaleZ6 = 1.02999997
modelid7 = 19528.00000000
boneid7 = 2
fOffsetX7 = 0.10099999
fOffsetY7 = 0.02999999
fOffsetZ7 = 0.00000000
fRotX7 = 5.00000000
fRotY7 = 4.80000925
fRotZ7 = -2.79999065
fScaleX7 = 1.24999976
fScaleY7 = 1.19999980
fScaleZ7 = 1.00000000
modelid8 = 2805.00000000
boneid8 = 6
fOffsetX8 = 0.41100001
fOffsetY8 = 0.00000000
fOffsetZ8 = 0.09999999
fRotX8 = 5.00000000
fRotY8 = -98.99997711
fRotZ8 = 83.00000000
fScaleX8 = 0.43999987
fScaleY8 = 0.48999994
fScaleZ8 = 0.44999992
