PortaoX = 499.66259765
PortaoY = -1553.18603515
PortaoZ = 18.23400306
PortaoRX = 0.00000000
PortaoRY = 0.00000000
PortaoRZ = 225.82701110
PortaoNick = arnox_samp
PortaoSenha = video
PortaoID = 0
PortaoVelo = 0.00000000
