PortaoX = 1317.60083007
PortaoY = -1563.19812011
PortaoZ = 14.38281250
PortaoRX = 0.00000000
PortaoRY = 0.00000000
PortaoRZ = 65.42018127
PortaoNick = Siqueira_HaVarDz
PortaoID = 989
PortaoVelo = 5.00000000
