PortaoX = 0.00000000
PortaoY = 0.00000000
PortaoZ = 0.00000000
PortaoRX = 0.00000000
PortaoRY = 0.00000000
PortaoRZ = 0.00000000
PortaoID = 0
PortaoVelo = 0.00000000
