PortaoX = 1617.73400878
PortaoY = -1329.32434082
PortaoZ = 18.47929573
PortaoRX = 0.00000000
PortaoRY = 0.00000000
PortaoRZ = 88.45759582
PortaoNick = Felipe_Samp
PortaoID = 980
PortaoVelo = 5.00000000
