ÿTemDono = 0
Dono = O estado
Descricao = Fabrica de Materiais
Extorcao = Nenhum
EX = 1414.67382812
EY = -1881.77868652
EZ = 13.54687500
Level = 10
Preco = 1000000
CustoEntrada = 45
Till = 27545
Locked = 1
Produtos = 15877
MaxProdutos = 0
PrecoProdutos = 10
ProdutosRequeridos = 26505
TemDono = 0
Takings = 0
