ÿTemDono = 0
Dono = LasT_StarT
Descricao = Fabrica de Maconha
Extorcao = Nenhum
EX = 1576.47680664
EY = -1472.25683593
EZ = 14.22588920
Level = 16
Preco = 1000000
CustoEntrada = 100
Till = 3710
Locked = 0
Produtos = 24333
MaxProdutos = 0
PrecoProdutos = 99999
ProdutosRequeridos = 6777
TemDono = 1
Takings = 0
