ÿTemDono = 1
Dono = O estado
Descricao = Empresa de Eletricidade
Extorcao = Nenhum
EX = 764.93151855
EY = 2087.61889648
EZ = 6.71089982
Level = 15
Preco = 1000000
CustoEntrada = 200
Till = 220125
Locked = 1
Produtos = 17328
MaxProdutos = 0
PrecoProdutos = 99999
ProdutosRequeridos = 9999999
TemDono = 0
Takings = 0
