ÿTemDono = 0
Dono = O estado
Descricao = Empresa de PaintBall
Extorcao = Nenhum
EX = 1329.15014648
EY = -1557.66333007
EZ = 13.54687500
Level = 45
Preco = 1000000
CustoEntrada = 100
Till = 0
Locked = 1
Produtos = 17974
MaxProdutos = 0
PrecoProdutos = 10
ProdutosRequeridos = 9999999
TemDono = 0
Takings = 0
