TemDono = 0
Dono = O estado
Descricao = Fabrica de Crack
Extorcao = Nenhum
EX = 452.35391235
EY = -1796.56396484
EZ = 5.54689979
Level = 20
Preco = 1000000
CustoEntrada = 100
Till = 0
Locked = 1
Produtos = 19290
MaxProdutos = 0
PrecoProdutos = 10
ProdutosRequeridos = 29745
Takings = 0
