ÿTemDono = 0
Dono = O estado
Descricao = Aluguel de Barcos
Extorcao = Nenhum
EX = 387.11291503
EY = -1845.57202148
EZ = 7.83589982
Level = 19
Preco = 1000000
CustoEntrada = 300
Till = 20000
Locked = 1
Produtos = 22598
MaxProdutos = 0
PrecoProdutos = 10
ProdutosRequeridos = 32509
TemDono = 0
Takings = 0
