ÿÿÿÿÿTemDono = 0
Dono = BerN
Descricao = Fazenda_BPL
Extorcao = Nenhum
EX = -101.37930297
EY = -32.63240051
EZ = 3.11719989
Level = 20
Preco = 1000000
CustoEntrada = 100
Till = 2500
Locked = 0
Produtos = 22155
MaxProdutos = 0
PrecoProdutos = 10
ProdutosRequeridos = 27064
TemDono = 1
Takings = 0
