ÿTemDono = 0
Dono = O estado
Descricao = Empresa de Veiculos
Extorcao = Nenhum
EX = 1702.40002441
EY = -1471.30004882
EZ = 13.54689979
Level = 12
Preco = 1000000
CustoEntrada = 200
Till = 160600
Locked = 1
Produtos = 19368
MaxProdutos = 0
PrecoProdutos = 10
ProdutosRequeridos = 33798
TemDono = 0
Takings = 0
