TemDono = 0
Dono = O estado
Descricao = Empresa Mecanica
Extorcao = Nenhum
EX = 2510.60009765
EY = -1468.19995117
EZ = 24.02389907
Level = 14
Preco = 1000000
CustoEntrada = 50
Till = 1032600
Locked = 1
Produtos = 21770
MaxProdutos = 0
PrecoProdutos = 10
ProdutosRequeridos = 31428
Takings = 0
