ÿTemDono = 0
Dono = O estado
Descricao = Fabrica de Cocaina
Extorcao = Nenhum
EX = 2007.16003417
EY = -1777.53247070
EZ = 17.35740089
Level = 10
Preco = 1000000
CustoEntrada = 100
Till = 1000
Locked = 1
Produtos = 16733
MaxProdutos = 0
PrecoProdutos = 10
ProdutosRequeridos = 35104
TemDono = 0
Takings = 0
