TemDono = 0
Dono = O estado
Descricao = Empresa de Comunicacao
Extorcao = Nenhum
EX = 844.65600585
EY = -1045.55566406
EZ = 25.43009948
Level = 30
Preco = 1000000
CustoEntrada = 200
Till = 510110
Locked = 1
Produtos = 20855
MaxProdutos = 0
PrecoProdutos = 10
ProdutosRequeridos = 33352
Takings = 0
