ÿÿÿÿÿTemDono = 0
Dono = O estado
Descricao = Funeraria BPs
Extorcao = Nenhum
EX = 931.91790771
EY = -1071.14123535
EZ = 24.29619979
Level = 12
Preco = 1000000
CustoEntrada = 45
Till = 107800
Locked = 1
Produtos = 23281
MaxProdutos = 0
PrecoProdutos = 99999
ProdutosRequeridos = 999999
TemDono = 0
Takings = 0
