ÿTemDono = 0
Dono = O estado
Descricao = Fabrica de Agua
Extorcao = Nenhum
EX = -655.32189941
EY = 2096.75561523
EZ = 60.38280105
Level = 8
Preco = 1000000
CustoEntrada = 100
Till = 117575
Locked = 1
Produtos = 13606
MaxProdutos = 0
PrecoProdutos = 10
ProdutosRequeridos = 32990
TemDono = 0
Takings = 0
