ÿTemDono = 0
Dono = O estado
Descricao = Empresa de Gasolina
Extorcao = Nenhum
EX = -1722.23559570
EY = -118.21569824
EZ = 2157.00000000
Level = 1
Preco = 1
CustoEntrada = 30
Till = 4566900
Locked = 1
Produtos = 20173
MaxProdutos = 0
PrecoProdutos = 10
ProdutosRequeridos = 31594
TemDono = 0
Takings = 0
