ÿTemDono = 0
Dono = O estado
Descricao = Empresa de Informatica
Extorcao = Nenhum
EX = 1679.91491699
EY = -1826.70568847
EZ = 13.54689979
Level = 22
Preco = 1000000
CustoEntrada = 100
Till = 1200
Locked = 1
Produtos = 16742
MaxProdutos = 0
PrecoProdutos = 50000
ProdutosRequeridos = 9000
TemDono = 0
Takings = 0
