ÿTemDono = 0
Dono = O estado
Descricao = Empresa Diamante
Extorcao = Nenhum
EX = 875.71990966
EY = -1565.03674316
EZ = 13.53339958
Level = 17
Preco = 1000000
CustoEntrada = 200
Till = 32000
Locked = 1
Produtos = 17757
MaxProdutos = 0
PrecoProdutos = 10
ProdutosRequeridos = 25979
TemDono = 0
Takings = 0
