ÿTemDono = 0
Dono = O estado
Descricao = Fabrica de Lixos
Extorcao = Nenhum
EX = 2229.76000976
EY = -2062.11865234
EZ = 13.54689979
Level = 4
Preco = 1000000
CustoEntrada = 100
Till = 0
Locked = 1
Produtos = 16172
MaxProdutos = 0
PrecoProdutos = 10
ProdutosRequeridos = 31454
TemDono = 0
Takings = 0
