TemDono = 1
Dono = CoRuJa
Descricao = Fabrica de Dinamites
Extorcao = Nenhum
EX = 1973.13525390
EY = -1560.01904296
EZ = 13.63939952
Level = 22
Preco = 1000000
CustoEntrada = 500
Till = 1195700
Locked = 0
Produtos = 17584
MaxProdutos = 0
PrecoProdutos = 10
ProdutosRequeridos = 29084
Takings = 0
