ÿTemDono = 1
Dono = Kaah_Owner
Descricao = Aluguel de Carros 2
Extorcao = Nenhum
EX = 2139.42016601
EY = -1191.98034667
EZ = 23.99220085
Level = 10
Preco = 1000000
CustoEntrada = 45
Till = 22285
Locked = 0
Produtos = 17954
MaxProdutos = 0
PrecoProdutos = 90000
ProdutosRequeridos = 28473
TemDono = 1
Takings = 0
