iSlotOsso0 = 1
iSlotObjid0 = 18688
iSlcObj0 = 0
jPosDefj00 = -1.49899983
jPosDefj01 = 0.00000000
jPosDefj02 = -0.31999999
jPosDefj03 = 5.00000000
jPosDefj04 = 84.00000000
jPosDefj05 = 83.00000000
jPosDefj06 = 1.00000000
jPosDefj07 = 1.00000000
jPosDefj08 = 1.00000000
iSlotOsso1 = 1
iSlotObjid1 = 1276
iSlcObj1 = 0
jPosDefj10 = -0.15899996
jPosDefj11 = 0.00000000
jPosDefj12 = 0.00000000
jPosDefj13 = 5.00000000
jPosDefj14 = 83.00001525
jPosDefj15 = 83.00000000
jPosDefj16 = -0.17999987
jPosDefj17 = 0.42999976
jPosDefj18 = 0.53000003
iSlotOsso2 = 1
iSlotObjid2 = 2035
iSlcObj2 = 0
jPosDefj20 = 0.03100001
jPosDefj21 = 0.21000002
jPosDefj22 = 0.00000000
jPosDefj23 = 63.24996566
jPosDefj24 = 179.80015563
jPosDefj25 = 52.75002288
jPosDefj26 = 1.09999990
jPosDefj27 = 1.00000011
jPosDefj28 = 1.00000000
iSlotOsso3 = 2
iSlotObjid3 = 1240
iSlcObj3 = 0
jPosDefj30 = 0.32099997
jPosDefj31 = 0.00000000
jPosDefj32 = 0.00000000
jPosDefj33 = -99.93003845
jPosDefj34 = 93.07001495
jPosDefj35 = 103.99008178
jPosDefj36 = 1.00000000
jPosDefj37 = 1.00000000
jPosDefj38 = 1.00000000
iSlotOsso4 = 1
iSlotObjid4 = 18728
iSlcObj4 = 0
jPosDefj40 = -1.17899990
jPosDefj41 = 0.00000000
jPosDefj42 = -0.31999999
jPosDefj43 = 5.00000000
jPosDefj44 = 84.00000000
jPosDefj45 = 83.00000000
jPosDefj46 = 1.00000000
jPosDefj47 = 1.00000000
jPosDefj48 = 1.00000000
iSlotOsso5 = 2
iSlotObjid5 = 19314
iSlcObj5 = 0
jPosDefj50 = 0.09100002
jPosDefj51 = 0.13999998
jPosDefj52 = 0.05999999
jPosDefj53 = -1.04999995
jPosDefj54 = 177.49983215
jPosDefj55 = 83.00000000
jPosDefj56 = 1.00000000
jPosDefj57 = 1.00000000
jPosDefj58 = 1.00000000
iSlotOsso6 = 1
iSlotObjid6 = 19315
iSlcObj6 = 0
jPosDefj60 = -0.02899996
jPosDefj61 = -0.17999993
jPosDefj62 = -0.06999999
jPosDefj63 = -90.77997589
jPosDefj64 = 87.59999847
jPosDefj65 = 83.00000000
jPosDefj66 = 1.00000000
jPosDefj67 = 1.00000000
jPosDefj68 = 1.00000000
iSlotOsso7 = 5
iSlotObjid7 = 19632
iSlcObj7 = 0
jPosDefj70 = 0.10100000
jPosDefj71 = 0.00000000
jPosDefj72 = 0.00000000
jPosDefj73 = 5.00000000
jPosDefj74 = 84.00000000
jPosDefj75 = 83.00000000
jPosDefj76 = 0.22000007
jPosDefj77 = 0.00000005
jPosDefj78 = -0.19999991
iSlotOsso8 = 6
iSlotObjid8 = 19632
iSlcObj8 = 0
jPosDefj80 = 0.10100000
jPosDefj81 = 0.00000000
jPosDefj82 = 0.00000000
jPosDefj83 = 5.00000000
jPosDefj84 = 84.00000000
jPosDefj85 = 83.00000000
jPosDefj86 = 0.01000002
jPosDefj87 = -0.53999990
jPosDefj88 = -0.09999994
iSlotOsso9 = 0
iSlotObjid9 = 0
iSlcObj9 = 0
jPosDefj90 = 0.00000000
jPosDefj91 = 0.00000000
jPosDefj92 = 0.00000000
jPosDefj93 = 0.00000000
jPosDefj94 = 0.00000000
jPosDefj95 = 0.00000000
jPosDefj96 = 0.00000000
jPosDefj97 = 0.00000000
jPosDefj98 = 0.00000000
