iSlotOsso0 = 6
iSlotObjid0 = 19632
iSlcObj0 = 0
jPosDefj00 = 0.10100000
jPosDefj01 = 0.00000000
jPosDefj02 = 0.00000000
jPosDefj03 = 5.00000000
jPosDefj04 = 84.00000000
jPosDefj05 = 83.00000000
jPosDefj06 = 0.02000010
jPosDefj07 = -0.25999987
jPosDefj08 = -0.11999987
iSlotOsso1 = 5
iSlotObjid1 = 19632
iSlcObj1 = 0
jPosDefj10 = 0.10100000
jPosDefj11 = 0.00000000
jPosDefj12 = 0.00000000
jPosDefj13 = 5.00000000
jPosDefj14 = 84.00000000
jPosDefj15 = 83.00000000
jPosDefj16 = 0.03999982
jPosDefj17 = 0.23999974
jPosDefj18 = -0.04000020
iSlotOsso2 = 2
iSlotObjid2 = 19065
iSlcObj2 = 0
jPosDefj20 = 0.10100000
jPosDefj21 = 0.00000000
jPosDefj22 = 0.00000000
jPosDefj23 = 5.00000000
jPosDefj24 = 84.00000000
jPosDefj25 = 83.03999328
jPosDefj26 = 1.00000000
jPosDefj27 = 1.00000000
jPosDefj28 = 1.01999998
iSlotOsso3 = 1
iSlotObjid3 = 1276
iSlcObj3 = 0
jPosDefj30 = 0.10100000
jPosDefj31 = 0.00000000
jPosDefj32 = 0.00000000
jPosDefj33 = 5.00000000
jPosDefj34 = 84.00000000
jPosDefj35 = 83.00000000
jPosDefj36 = -0.25999987
jPosDefj37 = -0.39999985
jPosDefj38 = 0.02000010
iSlotOsso4 = 2
iSlotObjid4 = 19528
iSlcObj4 = 0
jPosDefj40 = 0.10100000
jPosDefj41 = 0.00000000
jPosDefj42 = 0.00000000
jPosDefj43 = 5.00000000
jPosDefj44 = 84.00000000
jPosDefj45 = 83.00000000
jPosDefj46 = 1.00000000
jPosDefj47 = 1.00000000
jPosDefj48 = 1.00000000
iSlotOsso5 = 0
iSlotObjid5 = 0
iSlcObj5 = 0
jPosDefj50 = 0.00000000
jPosDefj51 = 0.00000000
jPosDefj52 = 0.00000000
jPosDefj53 = 0.00000000
jPosDefj54 = 0.00000000
jPosDefj55 = 0.00000000
jPosDefj56 = 0.00000000
jPosDefj57 = 0.00000000
jPosDefj58 = 0.00000000
iSlotOsso6 = 0
iSlotObjid6 = 0
iSlcObj6 = 0
jPosDefj60 = 0.00000000
jPosDefj61 = 0.00000000
jPosDefj62 = 0.00000000
jPosDefj63 = 0.00000000
jPosDefj64 = 0.00000000
jPosDefj65 = 0.00000000
jPosDefj66 = 0.00000000
jPosDefj67 = 0.00000000
jPosDefj68 = 0.00000000
iSlotOsso7 = 0
iSlotObjid7 = 0
iSlcObj7 = 0
jPosDefj70 = 0.00000000
jPosDefj71 = 0.00000000
jPosDefj72 = 0.00000000
jPosDefj73 = 0.00000000
jPosDefj74 = 0.00000000
jPosDefj75 = 0.00000000
jPosDefj76 = 0.00000000
jPosDefj77 = 0.00000000
jPosDefj78 = 0.00000000
iSlotOsso8 = 0
iSlotObjid8 = 0
iSlcObj8 = 0
jPosDefj80 = 0.00000000
jPosDefj81 = 0.00000000
jPosDefj82 = 0.00000000
jPosDefj83 = 0.00000000
jPosDefj84 = 0.00000000
jPosDefj85 = 0.00000000
jPosDefj86 = 0.00000000
jPosDefj87 = 0.00000000
jPosDefj88 = 0.00000000
iSlotOsso9 = 0
iSlotObjid9 = 0
iSlcObj9 = 0
jPosDefj90 = 0.00000000
jPosDefj91 = 0.00000000
jPosDefj92 = 0.00000000
jPosDefj93 = 0.00000000
jPosDefj94 = 0.00000000
jPosDefj95 = 0.00000000
jPosDefj96 = 0.00000000
jPosDefj97 = 0.00000000
jPosDefj98 = 0.00000000
