iSlotOsso0 = 2
iSlotObjid0 = 19472
iSlcObj0 = 0
jPosDefj00 = -0.00900002
jPosDefj01 = 0.12999998
jPosDefj02 = 0.00000000
jPosDefj03 = 5.00000000
jPosDefj04 = 90.09999847
jPosDefj05 = 89.09999847
jPosDefj06 = 0.61000007
jPosDefj07 = 0.93000006
jPosDefj08 = 0.82000005
iSlotOsso1 = 2
iSlotObjid1 = 19065
iSlcObj1 = 0
jPosDefj10 = 0.10100000
jPosDefj11 = 0.00000000
jPosDefj12 = 0.00000000
jPosDefj13 = 5.00000000
jPosDefj14 = 84.00000000
jPosDefj15 = 83.00000000
jPosDefj16 = 1.03999996
jPosDefj17 = 1.00000000
jPosDefj18 = 1.00000000
iSlotOsso2 = 2
iSlotObjid2 = 19801
iSlcObj2 = 0
jPosDefj20 = 0.04100000
jPosDefj21 = 0.01999999
jPosDefj22 = 0.00000000
jPosDefj23 = 90.39998626
jPosDefj24 = 84.00000000
jPosDefj25 = 83.00000000
jPosDefj26 = 1.00000000
jPosDefj27 = 1.00000000
jPosDefj28 = 1.00000000
iSlotOsso3 = 1
iSlotObjid3 = 18728
iSlcObj3 = 0
jPosDefj30 = -1.57899963
jPosDefj31 = 0.00000000
jPosDefj32 = -0.23999996
jPosDefj33 = 5.00000000
jPosDefj34 = 84.00000000
jPosDefj35 = 83.00000000
jPosDefj36 = 1.00000000
jPosDefj37 = 1.00000000
jPosDefj38 = 1.00000000
iSlotOsso4 = 6
iSlotObjid4 = 19632
iSlcObj4 = 0
jPosDefj40 = 0.11099997
jPosDefj41 = -0.00999999
jPosDefj42 = 0.01999999
jPosDefj43 = 17.20000076
jPosDefj44 = -105.09997558
jPosDefj45 = 83.00000000
jPosDefj46 = -0.09999976
jPosDefj47 = 0.10000021
jPosDefj48 = 1.10000002
iSlotOsso5 = 5
iSlotObjid5 = 19632
iSlcObj5 = 0
jPosDefj50 = 0.27100002
jPosDefj51 = 0.00999999
jPosDefj52 = 0.00000000
jPosDefj53 = -37.70000076
jPosDefj54 = -92.89997863
jPosDefj55 = 95.19999694
jPosDefj56 = -0.03999982
jPosDefj57 = 0.11000023
jPosDefj58 = 2.31000018
iSlotOsso6 = 1
iSlotObjid6 = 1276
iSlcObj6 = 0
jPosDefj60 = 0.13099999
jPosDefj61 = 0.00000000
jPosDefj62 = 0.00000000
jPosDefj63 = 5.00000000
jPosDefj64 = 84.00000000
jPosDefj65 = 83.00000000
jPosDefj66 = 0.40000003
jPosDefj67 = 0.51000005
jPosDefj68 = 0.37000006
iSlotOsso7 = 0
iSlotObjid7 = 0
iSlcObj7 = 0
jPosDefj70 = 0.00000000
jPosDefj71 = 0.00000000
jPosDefj72 = 0.00000000
jPosDefj73 = 0.00000000
jPosDefj74 = 0.00000000
jPosDefj75 = 0.00000000
jPosDefj76 = 0.00000000
jPosDefj77 = 0.00000000
jPosDefj78 = 0.00000000
iSlotOsso8 = 0
iSlotObjid8 = 0
iSlcObj8 = 0
jPosDefj80 = 0.00000000
jPosDefj81 = 0.00000000
jPosDefj82 = 0.00000000
jPosDefj83 = 0.00000000
jPosDefj84 = 0.00000000
jPosDefj85 = 0.00000000
jPosDefj86 = 0.00000000
jPosDefj87 = 0.00000000
jPosDefj88 = 0.00000000
iSlotOsso9 = 0
iSlotObjid9 = 0
iSlcObj9 = 0
jPosDefj90 = 0.00000000
jPosDefj91 = 0.00000000
jPosDefj92 = 0.00000000
jPosDefj93 = 0.00000000
jPosDefj94 = 0.00000000
jPosDefj95 = 0.00000000
jPosDefj96 = 0.00000000
jPosDefj97 = 0.00000000
jPosDefj98 = 0.00000000
