iSlotOsso0 = 1
iSlotObjid0 = 18728
iSlcObj0 = 0
jPosDefj00 = -2.71900010
jPosDefj01 = 0.22000001
jPosDefj02 = -0.21000005
jPosDefj03 = 5.00000000
jPosDefj04 = 84.00000000
jPosDefj05 = 83.00000000
jPosDefj06 = 1.00000000
jPosDefj07 = 1.00000000
jPosDefj08 = 1.00000000
iSlotOsso1 = 1
iSlotObjid1 = 1550
iSlcObj1 = 0
jPosDefj10 = 0.03100001
jPosDefj11 = -0.26000002
jPosDefj12 = -0.02999999
jPosDefj13 = 5.00000000
jPosDefj14 = 84.00000000
jPosDefj15 = 83.00000000
jPosDefj16 = 1.00000000
jPosDefj17 = 1.00000000
jPosDefj18 = 1.00000000
iSlotOsso2 = 2
iSlotObjid2 = 19528
iSlcObj2 = 0
jPosDefj20 = 0.12099999
jPosDefj21 = 0.00000000
jPosDefj22 = 0.00000000
jPosDefj23 = 10.19999885
jPosDefj24 = -6.92003393
jPosDefj25 = -17.77001762
jPosDefj26 = 1.09999990
jPosDefj27 = 1.14999985
jPosDefj28 = 1.10999989
iSlotOsso3 = 6
iSlotObjid3 = 19632
iSlcObj3 = 0
jPosDefj30 = 0.23100006
jPosDefj31 = -0.02999999
jPosDefj32 = 0.01999999
jPosDefj33 = 0.99999976
jPosDefj34 = -91.04997253
jPosDefj35 = 83.00000000
jPosDefj36 = 0.00000013
jPosDefj37 = 0.00000013
jPosDefj38 = 1.16000020
iSlotOsso4 = 5
iSlotObjid4 = 19632
iSlcObj4 = 0
jPosDefj40 = 0.28099995
jPosDefj41 = 0.00000000
jPosDefj42 = 0.00000000
jPosDefj43 = -62.04999542
jPosDefj44 = 256.50000000
jPosDefj45 = 144.50000000
jPosDefj46 = 0.00000018
jPosDefj47 = 0.00000000
jPosDefj48 = 1.47999942
iSlotOsso5 = 0
iSlotObjid5 = 0
iSlcObj5 = 0
jPosDefj50 = 0.00000000
jPosDefj51 = 0.00000000
jPosDefj52 = 0.00000000
jPosDefj53 = 0.00000000
jPosDefj54 = 0.00000000
jPosDefj55 = 0.00000000
jPosDefj56 = 0.00000000
jPosDefj57 = 0.00000000
jPosDefj58 = 0.00000000
iSlotOsso6 = 0
iSlotObjid6 = 0
iSlcObj6 = 0
jPosDefj60 = 0.00000000
jPosDefj61 = 0.00000000
jPosDefj62 = 0.00000000
jPosDefj63 = 0.00000000
jPosDefj64 = 0.00000000
jPosDefj65 = 0.00000000
jPosDefj66 = 0.00000000
jPosDefj67 = 0.00000000
jPosDefj68 = 0.00000000
iSlotOsso7 = 0
iSlotObjid7 = 0
iSlcObj7 = 0
jPosDefj70 = 0.00000000
jPosDefj71 = 0.00000000
jPosDefj72 = 0.00000000
jPosDefj73 = 0.00000000
jPosDefj74 = 0.00000000
jPosDefj75 = 0.00000000
jPosDefj76 = 0.00000000
jPosDefj77 = 0.00000000
jPosDefj78 = 0.00000000
iSlotOsso8 = 0
iSlotObjid8 = 0
iSlcObj8 = 0
jPosDefj80 = 0.00000000
jPosDefj81 = 0.00000000
jPosDefj82 = 0.00000000
jPosDefj83 = 0.00000000
jPosDefj84 = 0.00000000
jPosDefj85 = 0.00000000
jPosDefj86 = 0.00000000
jPosDefj87 = 0.00000000
jPosDefj88 = 0.00000000
iSlotOsso9 = 0
iSlotObjid9 = 0
iSlcObj9 = 0
jPosDefj90 = 0.00000000
jPosDefj91 = 0.00000000
jPosDefj92 = 0.00000000
jPosDefj93 = 0.00000000
jPosDefj94 = 0.00000000
jPosDefj95 = 0.00000000
jPosDefj96 = 0.00000000
jPosDefj97 = 0.00000000
jPosDefj98 = 0.00000000
