iSlotOsso0 = 1
iSlotObjid0 = 18728
iSlcObj0 = 0
jPosDefj00 = -1.45899987
jPosDefj01 = 0.11999987
jPosDefj02 = -0.25999999
jPosDefj03 = 5.00000000
jPosDefj04 = 84.00000000
jPosDefj05 = 83.00000000
jPosDefj06 = 1.00000000
jPosDefj07 = 1.00000000
jPosDefj08 = 1.00000000
iSlotOsso1 = 5
iSlotObjid1 = 19632
iSlcObj1 = 0
jPosDefj10 = 0.10100000
jPosDefj11 = 0.00000000
jPosDefj12 = 0.00000000
jPosDefj13 = 5.00000000
jPosDefj14 = -96.72003173
jPosDefj15 = 83.00000000
jPosDefj16 = -0.04999994
jPosDefj17 = -0.04999994
jPosDefj18 = 1.06999993
iSlotOsso2 = 6
iSlotObjid2 = 19632
iSlcObj2 = 0
jPosDefj20 = 0.10100000
jPosDefj21 = 0.00000000
jPosDefj22 = 0.00000000
jPosDefj23 = 5.00000000
jPosDefj24 = -92.89997863
jPosDefj25 = 83.00000000
jPosDefj26 = -0.02000007
jPosDefj27 = 0.05999995
jPosDefj28 = 1.29999971
iSlotOsso3 = 10
iSlotObjid3 = 19632
iSlcObj3 = 0
jPosDefj30 = 0.10099998
jPosDefj31 = 0.05999999
jPosDefj32 = 0.00000000
jPosDefj33 = 5.00000000
jPosDefj34 = -87.99998474
jPosDefj35 = 83.00000000
jPosDefj36 = 0.09999997
jPosDefj37 = 0.09999997
jPosDefj38 = 1.11999988
iSlotOsso4 = 9
iSlotObjid4 = 19632
iSlcObj4 = 0
jPosDefj40 = 0.10100000
jPosDefj41 = 0.00000000
jPosDefj42 = 0.00000000
jPosDefj43 = 5.00000000
jPosDefj44 = -88.79998779
jPosDefj45 = 83.00000000
jPosDefj46 = 0.30000001
jPosDefj47 = 0.09000009
jPosDefj48 = 1.00000000
iSlotOsso5 = 1
iSlotObjid5 = 1985
iSlcObj5 = 0
jPosDefj50 = 0.38099998
jPosDefj51 = -0.20999996
jPosDefj52 = 0.21000002
jPosDefj53 = 5.00000000
jPosDefj54 = 50.40000915
jPosDefj55 = 83.00000000
jPosDefj56 = 0.37000000
jPosDefj57 = 0.44000005
jPosDefj58 = 0.30000007
iSlotOsso6 = 1
iSlotObjid6 = 11712
iSlcObj6 = 0
jPosDefj60 = 0.04100000
jPosDefj61 = -0.31999999
jPosDefj62 = -0.06000002
jPosDefj63 = -4.60000038
jPosDefj64 = -134.79997253
jPosDefj65 = 83.00000000
jPosDefj66 = 1.24999964
jPosDefj67 = 1.87999916
jPosDefj68 = 1.02999997
iSlotOsso7 = 2
iSlotObjid7 = 19528
iSlcObj7 = 0
jPosDefj70 = 0.10099998
jPosDefj71 = 0.02999999
jPosDefj72 = 0.00000000
jPosDefj73 = 5.00000000
jPosDefj74 = 4.80000925
jPosDefj75 = -2.79999065
jPosDefj76 = 1.24999976
jPosDefj77 = 1.19999980
jPosDefj78 = 1.00000000
iSlotOsso8 = 6
iSlotObjid8 = 2805
iSlcObj8 = 0
jPosDefj80 = 0.41100001
jPosDefj81 = 0.00000000
jPosDefj82 = 0.09999997
jPosDefj83 = 5.00000000
jPosDefj84 = -98.99997711
jPosDefj85 = 83.00000000
jPosDefj86 = 0.43999987
jPosDefj87 = 0.48999994
jPosDefj88 = 0.44999992
iSlotOsso9 = 0
iSlotObjid9 = 0
iSlcObj9 = 0
jPosDefj90 = 0.00000000
jPosDefj91 = 0.00000000
jPosDefj92 = 0.00000000
jPosDefj93 = 0.00000000
jPosDefj94 = 0.00000000
jPosDefj95 = 0.00000000
jPosDefj96 = 0.00000000
jPosDefj97 = 0.00000000
jPosDefj98 = 0.00000000
