objetoX = 0.00000000
objetoY = 0.00000000
objetoZ = 0.00000000
objetoRX = 0.00000000
objetoRY = 0.00000000
objetoRZ = 0.00000000
objetoID = 0
