objetoX = 1681.89611816
objetoY = -1344.73120117
objetoZ = 18.43597412
objetoRX = 0.00000000
objetoRY = 0.00000000
objetoRZ = 108.90920257
objetoNick = Felipe_Samp
objetoID = 8210
