objetoX = 1665.32128906
objetoY = -1361.41235351
objetoZ = 20.98238182
objetoRX = 0.00000000
objetoRY = 0.00000000
objetoRZ = 173.36674499
objetoNick = Felipe_Samp
objetoID = 2921
