objetoX = 1678.01501464
objetoY = -1361.72302246
objetoZ = 21.14238929
objetoRX = 0.00000000
objetoRY = 0.00000000
objetoRZ = -88.08837890
objetoNick = Felipe_Samp
objetoID = 19786
