objetoX = 1642.97302246
objetoY = -1360.55761718
objetoZ = 16.46434020
objetoRX = -0.09999991
objetoRY = -0.30000004
objetoRZ = -177.67189025
objetoNick = Felipe_Samp
objetoID = 3928
