objetoX = 1669.17199707
objetoY = -1362.14782714
objetoZ = 17.50237464
objetoRX = 0.00000000
objetoRY = 0.00000000
objetoRZ = 163.31161499
objetoNick = Felipe_Samp
objetoID = 2045
