objetoX = 1401.82910156
objetoY = -1774.99157714
objetoZ = 14.54687500
objetoRX = 0.00000000
objetoRY = 0.00000000
objetoRZ = 203.36526489
objetoNick = Felipe_Samp
objetoID = 8613
