objetoX = 1668.94799804
objetoY = -1361.92834472
objetoZ = 17.49235534
objetoRX = 0.00000000
objetoRY = 0.00000000
objetoRZ = 358.84564208
objetoNick = Felipe_Samp
objetoID = 2044
