objetoX = 1669.19287109
objetoY = -1361.93151855
objetoZ = 16.53238868
objetoRX = 0.00000000
objetoRY = 0.00000000
objetoRZ = 99.73998260
objetoNick = Felipe_Samp
objetoID = 2964
