objetoX = 1671.45703125
objetoY = -1365.50488281
objetoZ = 16.41206932
objetoRX = 0.00000000
objetoRY = 0.00000000
objetoRZ = -1.19126105
objetoNick = Felipe_Samp
objetoID = 19129
