objetoX = 1632.14135742
objetoY = -1367.80688476
objetoZ = 18.45312500
objetoRX = 0.00000000
objetoRY = 0.00000000
objetoRZ = -89.87825012
objetoNick = Felipe_Samp
objetoID = 8210
