objetoX = 1646.32226562
objetoY = -1317.68774414
objetoZ = 18.45312500
objetoRX = 0.00000000
objetoRY = 0.00000000
objetoRZ = 178.76473999
objetoNick = Felipe_Samp
objetoID = 8210
