objetoX = 1625.05102539
objetoY = -1328.37915039
objetoZ = 18.39345741
objetoRX = 0.00000000
objetoRY = 0.00000000
objetoRZ = 13.77618312
objetoNick = Felipe_Samp
objetoID = 8314
