TemDono = 0
EX = -1061.00744628
EY = -1205.62780761
EZ = 129.70137023
Level = 6
Preco = 5000000
CustoEntrada = 5000
Till = 1802340
Locked = 1
Produtos = -3
MaxProdutos = 200000
PrecoProdutos = 1000
ProdutosRequeridos = 0
Dono = The State
Extorcao = Ninguem
Descricao = Fazenda 4
Veiculo1 = 411
1color1 = -1
1color2 = -1
Carro1x = -1056.14685058
Carro1y = -1203.58435058
Carro1z = 128.81060791
Carro1a = 271.19818115
Veiculo2 = 411
2color1 = -1
2color2 = -1
Carro2x = -1056.14685058
Carro2y = -1203.58435058
Carro2z = 128.81060791
Carro2a = 271.19818115
Data = 195
Takings = 0
