TemDono = 1
Dono = BerN
Data = 326
Descricao = BPR - Os Firma - BPR
Extorcao = Ninguem
EX = -382.53781127
EY = -1438.93371582
EZ = 25.88814163
Level = 7
Preco = 5000000
CustoEntrada = 100
Till = 42343489
Locked = 0
Produtos = -3
MaxProdutos = 200000
PrecoProdutos = 99999
ProdutosRequeridos = 999999
Takings = 0
