TemDono = 1
EX = -572.65905761
EY = -1499.18701171
EZ = 9.56809043
Level = 14
Preco = 1
CustoEntrada = 5000
Till = 328582
Locked = 0
Produtos = -3
MaxProdutos = 200000
PrecoProdutos = 70
ProdutosRequeridos = 0
Extorcao = Ninguem
Dono = Felipe_Dono
Descricao = fazenda 7
Veiculo1 = 411
1color1 = -1
1color2 = -1
Carro1x = 0.00000000
Carro1y = 0.00000000
Carro1z = 0.00000000
Carro1a = 0.00000000
Veiculo2 = 411
2color1 = -1
2color2 = -1
Carro2x = 0.00000000
Carro2y = 0.00000000
Carro2z = 0.00000000
Carro2a = 0.00000000
Data = 27
Takings = 0
