index = 0
modelid0 = 0
boneid0 = 1
fOffsetX0 = -1.73999989
fOffsetY0 = 0.00000000
fOffsetZ0 = -0.41400003
fRotX0 = 5.50000000
fRotY0 = 82.09999847
fRotZ0 = 25.20001220
fScaleX0 = 1.00000000
fScaleY0 = 1.33700025
fScaleZ0 = 0.71999931
