objetomX = 703.32788085
objetomY = -1623.47143554
objetomZ = 3.05750012
objetomRX = 0.00000000
objetomRY = 0.00000000
objetomRZ = -179.79327392
objetomNick = Felipe_Samp
materialNome = Casa do felipe
objetomID = 19353
materialTamanho = 130
materialCORTexto = 0
materialCORFundo = -65281
materialNegrito = 1
materialAling = 1
materialFonte = 70
