objetomX = 1669.54699707
objetomY = -1355.91931152
objetomZ = 20.85046005
objetomRX = 0.00000000
objetomRY = 0.00000000
objetomRZ = 0.10335874
objetomNick = Felipe_Samp
materialNome = {0000ff}Familia {00ff00}Fox 
objetomID = 7313
materialTamanho = 110
materialCORTexto = 16777215
materialCORFundo = -1
materialNegrito = 1
materialAling = 1
materialFonte = 60
