objetomX = 1675.40869140
objetomY = -1370.81420898
objetomZ = 20.91312980
objetomRX = 0.00000000
objetomRY = 0.00000000
objetomRZ = -179.97363281
objetomNick = Felipe_Samp
materialNome = {00ff00}Estacionamento
objetomID = 7313
materialTamanho = 110
materialCORTexto = 16777215
materialCORFundo = -1
materialNegrito = 1
materialAling = 1
materialFonte = 60
