CaixaItem0 = 2045
CaixaUnidades0 = 20
CaixaItem1 = 18930
CaixaUnidades1 = 1
CaixaItem2 = 19528
CaixaUnidades2 = 1
CaixaItem3 = 8314
CaixaUnidades3 = 3
CaixaItem4 = 8313
CaixaUnidades4 = 1
CaixaItem5 = 19042
CaixaUnidades5 = 1
CaixaItem6 = 1240
CaixaUnidades6 = 1
CaixaItem7 = 8313
CaixaUnidades7 = 3
CaixaItem8 = 2045
CaixaUnidades8 = 2
CaixaItem9 = 2044
CaixaUnidades9 = 20
CaixaItem10 = 451
CaixaUnidades10 = 1
CaixaItem11 = 551
CaixaUnidades11 = 1
CaixaItem12 = 19382
CaixaUnidades12 = 0
CaixaItem13 = 19382
CaixaUnidades13 = 0
CaixaItem14 = 19382
CaixaUnidades14 = 0
CaixaItem15 = 19382
CaixaUnidades15 = 0
CaixaItem16 = 19382
CaixaUnidades16 = 0
CaixaItem17 = 19382
CaixaUnidades17 = 0
CaixaItem18 = 19382
CaixaUnidades18 = 0
CaixaItem19 = 19382
CaixaUnidades19 = 0
CaixaItem20 = 19382
CaixaUnidades20 = 0
CaixaItem21 = 19382
CaixaUnidades21 = 0
CaixaItem22 = 19382
CaixaUnidades22 = 0
CaixaItem23 = 19382
CaixaUnidades23 = 0
CaixaItem24 = 19382
CaixaUnidades24 = 0
CaixaItem25 = 19382
CaixaUnidades25 = 0
CaixaItem26 = 19382
CaixaUnidades26 = 0
CaixaItem27 = 19382
CaixaUnidades27 = 0
CaixaItem28 = 19382
CaixaUnidades28 = 0
CaixaItem29 = 19382
CaixaUnidades29 = 0
CaixaItem30 = 19382
CaixaUnidades30 = 0
CaixaItem31 = 19382
CaixaUnidades31 = 0
CaixaItem32 = 19382
CaixaUnidades32 = 0
CaixaItem33 = 19382
CaixaUnidades33 = 0
CaixaItem34 = 19382
CaixaUnidades34 = 0
CaixaItem35 = 19382
CaixaUnidades35 = 0
CaixaItem36 = 19382
CaixaUnidades36 = 0
CaixaItem37 = 19382
CaixaUnidades37 = 0
CaixaItem38 = 19382
CaixaUnidades38 = 0
CaixaItem39 = 19382
CaixaUnidades39 = 0
CaixaItem40 = 19382
CaixaUnidades40 = 0
CaixaItem41 = 19382
CaixaUnidades41 = 0
CaixaItem42 = 19382
CaixaUnidades42 = 0
CaixaItem43 = 19382
CaixaUnidades43 = 0
CaixaItem44 = 19382
CaixaUnidades44 = 0
CaixaItem45 = 19382
CaixaUnidades45 = 0
CaixaItem46 = 19382
CaixaUnidades46 = 0
CaixaItem47 = 19382
CaixaUnidades47 = 0
CaixaItem48 = 19382
CaixaUnidades48 = 0
CaixaItem49 = 19382
CaixaUnidades49 = 0
CaixaDono = Felipe_Samp
CaixaInterior = 0
CaixaMundo = 0
CaixaX = 1663.80517578
CaixaY = -1355.40686035
CaixaZ = 17.42003250
CaixaRX = 0.00000000
CaixaRY = 0.00000000
CaixaRZ = 0.00000000
valido = true
CaixaText = {ffffff}ID: {df5454}0
{ffffff}Baú de Itens
{ffffff}Dono do Baú: {df5454}Felipe_Samp
{FFFFFF}Itens: {df5454}0/50
{FFFFFF}P
